"Variete";"Rendement";"Huile";"Proteine";"Amidon";"Floraison";"Feuilles"
"Dent";294.3652116;4.045744424;13.26303604;66.49132527;864.26;13.97776766
"Dent";302.053846;4.096715783;12.35128177;68.44153933;875.58;14.04315227
"Dent";319.303846;3.546715783;13.65128177;67.31653933;984.34;16.63161381
"Dent";343.8787598;3.351156429;13.63023625;68.6541233;1047.4;17.26622919
"Dent";332.553846;3.246715783;14.50128177;68.14153933;963.89;17.3239215
"Dent";351.6287598;3.876156429;14.85523625;66.4791233;1019.31;18.17007535
"Dent";351.553846;3.396715783;16.25128177;67.31653933;1021.79;16.17776766
"Dent";304.8652116;4.495744424;13.66303604;66.29132527;987.18;16.85084458
"Tropical";368.48117;1.861172179;12.77932759;71.55800183;1383.03;26.05
"Dent";367.803846;3.621715783;11.87628177;70.89153933;955.04;14.47776766
"Flint";312.803846;3.496715783;12.95128177;70.59153933;892.8;13.30853689
"Dent";300.3652116;5.695744424;13.86303604;64.49132527;1160.44;19.35084458
"Tropical";319.8742438;3.766019094;12.27450284;69.31652396;1187.74;19.68868882
"Dent";352.6287598;4.951156429;14.63023625;65.7541233;1073.03;18.30868882
"Dent";338.3787598;4.301156429;11.28023625;68.9541233;1067.89;17.91238304
"Dent";345.8787598;2.776156429;13.08023625;64.5791233;1093.48;17.02868882
"Dent";345.3787598;3.351156429;12.55523625;72.4291233;1045.78;18.05861613
"Dent";360.7347802;2.834896376;11.61392708;70.76341569;1122.71;18.84315227
"Tropical";348.303846;3.346715783;13.02628177;71.34153933;991.82;18.70853689
"Dent";367.3470407;3.397141813;12.50174527;70.1362989;1134.8;17.38868882
"Flint";324.6215384;3.158686313;13.85051271;68.04661573;945.53;17.61179358
"Tropical";344.6287598;3.276156429;16.63023625;64.7791233;982.57;17.05549738
"Flint";340.053846;3.896715783;14.00128177;69.19153933;902.26;14.51622919
"Flint";330.553846;3.621715783;15.67628177;68.79153933;888.37;12.57861613
"Dent";349.303846;3.371715783;15.10128177;66.61653933;837.13;12.08161381
"Dent";337.9906647;2.821024406;13.23030191;67.29606955;834.15;14.34868882
"Dent";323.303846;3.671715783;11.80128177;71.01653933;851.67;15.02868882
"Tropical";332.1287598;3.176156429;13.48023625;66.5791233;1395.94;27.73902272
"Tropical";374.2492532;4.03031667;12.14674449;69.82464871;1477.38;27.35
"Tropical";342.8787598;3.651156429;12.85523625;68.6791233;1162.47;19.86505742
"Tropical";329.1287598;3.976156429;13.00523625;67.5041233;1126.03;20.97776766
"Tropical";383.48117;4.161172179;12.77932759;65.15800183;1394.93;26.10868882
"Tropical";357.48117;3.161172179;12.57932759;67.85800183;1518.53;27.25
"Tropical";361.2492532;3.33031667;13.24674449;68.72464871;1334.27;26.18507129
"Dent";324.303846;3.846715783;15.17628177;66.01653933;874.84;14.94868882
"Tropical";347.6155137;2.895931079;12.15787995;69.84448812;1008.34;16.14315227
"Dent";351.1215384;2.058686313;13.32051271;71.42661573;920.97;13.55174862
"Flint";328.803846;3.121715783;14.75128177;68.21653933;905.89;15.11238304
"Flint";315.8652116;6.945744424;14.56303604;62.84132527;960.34;13.74868882
"Dent";296.244738;2.975230318;14.70859983;67.36938517;937.39;13.69699842
"Dent";336.053846;4.071715783;13.35128177;69.26653933;933.61;16.38868882
"Flint";294.553846;3.446715783;14.77628177;66.46653933;883.67;13.55469073
"Flint";331.803846;2.246715783;12.32628177;71.81653933;856.05;12.77776766
"Dent";394.2492532;3.73031667;14.44674449;67.22464871;1371.34;21.9
"Flint";318.303846;3.871715783;13.72628177;70.31653933;895.75;14.40084458
"Tropical";351.803846;2.571715783;12.95128177;68.14153933;1058.45;16.3239215
"Tropical";312.3787598;2.376156429;13.30523625;71.6791233;1021.82;17.43930612
"Tropical";315.8652116;3.395744424;13.81303604;66.89132527;1125.05;20.28523623
"Tropical";306.8787598;3.951156429;13.05523625;67.9291233;1073.08;16.24699842
"Flint";252.3652116;2.795744424;17.86303604;62.69132527;931.1;16.90868882
"Flint";301.1287598;3.901156429;14.65523625;65.0041233;989;13.83930612
"Tropical";283.2821804;3.062597746;19.42454662;62.84448812;1045.91;20.09684666
"Tropical";323.392308;3.906568434;14.39743646;67.26692134;1174.1;19.42868882
"Tropical";324.3652116;3.845744424;12.66303604;69.84132527;933.08;14.28545996
"Flint";314.553846;4.871715783;11.20128177;71.96653933;965.54;14.36238304
"Tropical";344.2492532;4.63031667;11.74674449;70.22464871;1217.09;21.34419436
"Flint";320.3787598;4.826156429;13.38023625;64.8041233;991.39;17.12007535
"Flint";338.6287598;3.426156429;13.30523625;70.1291233;963.89;15.17752769
"Tropical";333.2492532;2.93031667;15.24674449;66.42464871;1324.95;22.54714388
"Flint";306.303846;4.471715783;11.05128177;68.94153933;945.41;14.11238304
"Flint";319.553846;3.746715783;11.10128177;72.09153933;922.61;14.20853689
"Flint";303.303846;3.696715783;13.92628177;66.41653933;893.38;13.49699842
"Flint";314.6287598;3.376156429;13.08023625;67.4041233;973.11;14.59315227
"Flint";336.8787598;2.351156429;12.43023625;70.4041233;947.2;16.55469073
"Flint";353.3787598;2.701156429;13.20523625;69.1291233;1023.55;17.55469073
"Dent";341.3787598;3.926156429;10.65523625;72.0541233;1016.43;17.74699842
"Dent";338.6155137;3.629264412;13.35787995;69.57782146;1007.7;17.86238304
"Flint";376.6287598;3.101156429;13.10523625;67.6291233;1070.94;19.55469073
"Flint";364.803846;2.271715783;10.50128177;74.34153933;982.75;15.43930612
"Dent";351.803846;2.046715783;13.05128177;70.14153933;952.36;14.97007535
"Dent";359.8787598;3.751156429;11.10523625;71.7041233;1013.97;16.02061983
"Flint";338.6287598;3.726156429;14.98023625;68.7041233;1054.5;18.68930612
"Dent";342.8787598;3.351156429;11.98023625;69.5041233;1015.83;17.92776766
"Flint";354.1287598;3.901156429;12.43023625;71.4541233;1115.94;19.13161381
"Flint";333.803846;4.921715783;11.07628177;70.96653933;975.21;16.02776766
"Dent";343.3787598;4.751156429;12.08023625;68.8791233;994.63;16.28545996
"Dent";356.8787598;3.526156429;9.705236248;72.5041233;1057.54;20.74868882
"Dent";328.553846;4.296715783;14.32628177;66.84153933;889.55;15.28545996
"Flint";313.553846;3.621715783;9.651281771;73.56653933;860.66;12.43930612
"Dent";357.053846;2.146715783;12.37628177;70.89153933;999.62;18.8239215
"Flint";326.053846;3.496715783;12.67628177;70.19153933;945.14;14.95870197
"Dent";353.553846;3.471715783;14.17628177;69.11653933;986.63;17.05469073
"Dent";344.8787598;3.751156429;14.73023625;68.1791233;1003.17;16.70853689
"Flint";309.803846;3.471715783;13.05128177;69.69153933;962.78;16.59315227
"Dent";357.3787598;4.101156429;12.10523625;69.5541233;938.15;17.54868882
"Flint";343.8787598;2.526156429;11.88023625;73.0791233;1070.54;17.76622919
"Dent";361.303846;3.271715783;11.22628177;72.71653933;993.6;16.93930612
"Dent";350.553846;3.196715783;12.32628177;69.06653933;915.25;16.36238304
"Dent";358.6287598;2.851156429;9.105236248;73.8541233;1041.12;20.8239215
"Dent";357.6287598;4.451156429;11.00523625;68.1041233;1105.19;19.71622919
"Flint";365.553846;3.346715783;12.55128177;70.11653933;952.29;15.46622919
"Dent";375.3787598;2.851156429;10.58023625;73.0041233;1090.64;19.47776766
"Dent";339.6287598;3.176156429;11.80523625;68.9291233;1092.63;20.36238304
"Flint";316.053846;3.771715783;13.12628177;67.79153933;945.19;15.06868882
"Flint";329.303846;3.521715783;13.30128177;67.56653933;913.3;14.86868882
"Flint";328.053846;2.921715783;14.57628177;66.04153933;908.48;15.59315227
"Dent";328.2456257;2.544187835;14.28038946;69.45810575;1023.35;15.98900352
"Dent";344.053846;3.396715783;13.65128177;69.11653933;1005.56;18.78545996
"Dent";356.5037598;3.388656429;10.99273625;70.9166233;1035.57;16.09096431
"Flint";335.6287598;4.426156429;13.70523625;66.6041233;989.7;18.52776766
"Dent";351.6287598;2.851156429;13.88023625;67.0541233;999.8;19.40084458
"Flint";267.553846;3.821715783;13.40128177;65.26653933;916.82;13.28545996
"Flint";333.553846;3.521715783;12.87628177;70.31653933;936.49;17.01622919
"Flint";343.803846;3.646715783;13.27628177;72.66653933;914.53;14.3545353
"Tropical";335.3215384;4.028686313;14.17051271;70.01661573;917.5;14.73365247
"Flint";332.803846;3.971715783;14.87628177;67.06653933;921.63;15.11238304
"Dent";342.1287598;3.451156429;11.40523625;71.6791233;1040.84;17.93930612
"Dent";332.303846;4.046715783;9.901281771;72.69153933;940.42;16.47776766
"Dent";330.053846;2.946715783;11.47628177;72.29153933;1013.52;17.38053441
"Flint";312.1287598;3.776156429;15.00523625;67.0791233;945.56;15.32648527
"Flint";322.3470407;3.563808479;14.63507861;60.06963223;972.37;16.04699842
"Flint";305.803846;3.646715783;12.87628177;68.71653933;924.34;13.63861613
"Flint";306.303846;2.821715783;12.35128177;68.39153933;856.68;14.28545996
"Flint";321.6155137;5.062597746;13.85787995;69.57782146;895.3;13.62868882
"Flint";303.6553769;3.818848821;13.1527942;66.34716954;975.6;14.86238304
"Flint";319.303846;4.271715783;14.12628177;67.44153933;985.42;15.77409168
"Flint";290.2406647;3.496024406;12.55530191;69.89606955;869.61;14.28545996
"Flint";279.803846;4.746715783;14.97628177;63.39153933;1004.5;15.67007535
"Flint";310.8787598;2.751156429;14.55523625;69.3791233;967.66;16.13161381
"Flint";304.3446231;3.481151179;12.71387247;69.81949713;1092.37;17.14868882
"Flint";326.053846;3.521715783;12.52628177;69.44153933;821.19;12.65853689
"Flint";270.366422;3.563519581;14.55251977;65.03844783;922.12;14.99699842
"Flint";332.303846;3.646715783;14.62628177;70.31653933;904.46;15.35084458
"Flint";337.4906647;3.896024406;12.58030191;70.14606955;888.57;14.63861613
"Flint";346.303846;2.946715783;14.72628177;66.99153933;834.05;13.47776766
"Dent";311.303846;3.471715783;12.07628177;69.76653933;942.06;15.8239215
"Flint";331.553846;2.946715783;11.50128177;70.71653933;856.91;14.01061613
"Flint";315.48117;3.661172179;13.07932759;68.05800183;1323.33;19.72171682
"Dent";368.0330887;2.130186248;11.4858531;74.8051145;926.08;15.50853689
"Flint";289.553846;4.146715783;12.20128177;69.84153933;832.57;13.72766674
"Dent";343.1287598;3.351156429;17.28023625;65.3291233;978.4;16.74699842
"Dent";315.9906647;4.696024406;16.55530191;63.54606955;873.19;13.47776766
"Dent";337.7406647;3.721024406;13.93030191;67.77106955;898.32;16.05469073
"Flint";332.553846;2.846715783;12.62628177;70.86653933;808.23;12.29315227
"Dent";334.803846;3.546715783;13.82628177;69.34153933;885.76;14.3239215
"Dent";348.303846;2.271715783;12.42628177;72.59153933;924.22;16.17007535
"Flint";313.053846;3.846715783;11.67628177;71.14153933;865.94;12.94868882
"Dent";337.553846;4.271715783;14.87628177;65.89153933;913.5;16.60469073
"Dent";361.553846;3.121715783;12.42628177;70.29153933;928.06;15.36238304
"Dent";346.053846;3.371715783;14.95128177;69.19153933;894.07;15.18868882
"Dent";343.053846;3.471715783;13.85128177;69.04153933;942.92;16.66868882
"Flint";349.053846;3.096715783;11.10128177;74.29153933;865.52;13.49861613
"Dent";337.803846;2.746715783;12.87628177;70.71653933;918.55;15.74699842
"Tropical";376.6287598;3.101156429;11.75523625;71.9791233;1072.35;19.86238304
"Tropical";309.553846;4.221715783;13.30128177;67.74153933;1089.59;21.19315227
"Tropical";324.4014468;4.901563042;14.61392708;64.16341569;1000.58;16.11993812
"Flint";331.053846;3.421715783;13.77628177;69.04153933;940.2;15.51322212
"Flint";362.053846;3.221715783;14.67628177;69.96653933;864.63;13.47007535
"Dent";348.053846;2.546715783;14.07628177;70.19153933;946.55;16.62007535
"Dent";336.5215384;4.248686313;11.57051271;69.80661573;1015.98;17.22868882
"Tropical";336.4906647;3.996024406;14.05530191;69.74606955;888.17;13.70853689
"Flint";285.7406647;3.721024406;14.33030191;66.27106955;865.52;13.01622919
"Flint";331.553846;3.346715783;12.10128177;71.56653933;865.55;12.22776766
"Flint";299.303846;3.821715783;14.35128177;66.41653933;821.19;12.78545996
"Flint";311.553846;3.846715783;13.12628177;67.66653933;842.11;12.24699842
"Flint";313.053846;3.471715783;13.60128177;70.16653933;874.5;14.42868882
"Flint";324.303846;3.596715783;11.52628177;73.31653933;846.49;15.01622919
"Flint";322.803846;3.796715783;10.75128177;73.24153933;881.61;14.2295353
"Flint";310.303846;3.871715783;12.17628177;70.69153933;874.01;15.24699842
"Flint";299.803846;3.096715783;16.92628177;64.94153933;850.64;13.78868882
"Flint";319.053846;3.771715783;11.50128177;69.71653933;830.23;14.75853689
"Flint";330.053846;2.821715783;14.00128177;68.31653933;855.63;14.51622919
"Flint";303.053846;4.121715783;13.27628177;68.31653933;865.55;14.02776766
"Flint";320.053846;3.371715783;12.15128177;72.61653933;869.11;14.17007535
"Flint";301.303846;3.021715783;14.27628177;67.94153933;919.24;13.92752769
"Tropical";369.3652116;3.995744424;12.66303604;70.24132527;1646.81;30.58112798
"Dent";385.0681135;1.901563042;11.24726042;70.13008236;1130.37;20.51622919
"Dent";361.8615852;1.621758474;13.63122683;66.06612262;1098.93;16.9
"Dent";377.3787598;2.201156429;13.23023625;71.1541233;960.97;16.22868882
"Dent";347.553846;2.846715783;13.37628177;69.49153933;943.7;16.86238304
"Flint";308.3787598;5.526156429;16.68023625;60.0291233;1010.59;17.36238304
"Tropical";351.3787598;2.501156429;14.10523625;68.7791233;979.48;15.90227354
"Flint";346.7347802;2.101563042;14.24726042;68.56341569;1142.88;22.94868882
"Flint";375.4014468;6.134896376;13.71392708;64.29674902;1051.65;18.50469073
"Tropical";366.6287598;3.176156429;9.930236248;72.3041233;1210.39;24.26622919
"Tropical";292.48117;3.661172179;13.77932759;64.35800183;1382.46;22.7
"Tropical";347.48117;2.961172179;10.97932759;73.45800183;1312.33;21.10868882
"Dent";347.2492532;2.43031667;13.04674449;69.82464871;1288.55;21.88586103
"Dent";357.8652116;2.745744424;11.31303604;72.39132527;1230.02;22.62868882
"Dent";369.6287598;3.126156429;11.35523625;72.5791233;1110.64;20.81622919
"Dent";361.8787598;2.026156429;13.45523625;71.0541233;1095.01;17.06868882
"Dent";344.553846;3.396715783;14.10128177;67.24153933;1021.77;16.51622919
"Dent";374.6287598;3.451156429;13.53023625;69.1041233;1042.99;17.59315227
"Flint";326.1287598;3.526156429;14.53023625;71.2791233;1068.89;16.64315227
"Flint";328.6287598;3.551156429;10.05523625;74.4791233;1024.31;16.58868882
"Flint";356.1287598;2.251156429;13.33023625;72.7291233;1075.67;17.18868882
"Flint";319.2406647;3.946024406;13.93030191;68.54606955;958.62;17.84419436
"Tropical";347.303846;3.046715783;14.17628177;68.66653933;964.71;15.22776766
"Tropical";325.6155137;3.695931079;14.52454662;67.27782146;989.8;17.11238304
"Dent";329.553846;3.521715783;14.60128177;65.61653933;972.74;17.34868882
"Dent";364.6287598;2.526156429;13.18023625;68.9041233;1022.08;18.40084458
"Dent";330.3787598;3.151156429;12.50523625;68.4041233;1027.21;17.92007535
"Dent";359.5409104;4.366019094;11.62450284;69.76652396;1159.04;20.00337026
"Dent";345.6152116;5.245744424;11.81303604;68.99132527;1205.01;22.94390548
"Dent";355.6287598;3.276156429;11.63023625;71.6541233;1082.91;17.06868882
"Tropical";350.6287598;4.201156429;10.95523625;70.2541233;1344.73;24.59315227
"Dent";355.48117;4.161172179;11.27932759;69.15800183;1213.44;20.38868882
"Dent";354.8215384;2.498686313;11.99051271;69.25661573;918.79;15.78704274
"Dent";369.8652116;2.145744424;10.51303604;71.04132527;1172.62;20.43930612
"Dent";375.1287598;2.501156429;11.50523625;70.5791233;1133.22;18.65562795
"Dent";357.8787598;3.251156429;11.45523625;70.3791233;1144.96;19.24699842
"Dent";367.8652116;2.445744424;12.31303604;70.74132527;1163.11;21.67007535
"Dent";359.6287598;3.926156429;12.33023625;70.5541233;1067.03;21.24699842
"Dent";351.48117;4.761172179;13.17932759;67.45800183;1212.45;22.22868882
"Dent";327.8787598;4.176156429;13.83023625;66.1541233;1296.07;24.60670695
"Dent";274.3652116;2.945744424;15.01303604;62.69132527;1308.09;24.05757261
"Dent";365.7347802;4.201563042;11.54726042;70.53008236;1226.68;20.02868882
"Dent";349.4014468;4.334896376;12.68059375;69.09674902;1128.3;20.93930612
"Tropical";343.4014468;3.368229709;11.11392708;71.89674902;1288.42;22.82868882
"Tropical";354.2492532;2.23031667;13.44674449;67.72464871;1279.57;22.74868882
"Tropical";335.8615852;3.471758474;13.78122683;65.81612262;1287.47;23.2
"Tropical";337.48117;3.561172179;14.07932759;69.05800183;1257.74;22.26868882
"Tropical";355.48117;2.261172179;8.579327588;74.05800183;1285.21;22.65
"Tropical";355.8615852;2.671758474;12.13122683;69.96612262;1248.58;21.90084458
"Tropical";359.48117;3.061172179;12.87932759;72.35800183;1259.04;22.98868882
"Tropical";363.4014468;2.701563042;10.01392708;73.69674902;1284.49;22.54868882
"Tropical";342.4014468;4.168229709;11.88059375;69.26341569;1354;20.34419436
"Tropical";322.3652116;3.795744424;14.86303604;63.54132527;1382.99;27.75
"Flint";310.553846;3.621715783;15.22628177;63.96653933;885.19;12.62868882
"Dent";323.053846;3.721715783;12.62628177;69.16653933;922.53;15.59315227
"Dent";325.803846;3.946715783;14.55128177;66.91653933;869.53;14.74699842
"Flint";262.2406647;5.446024406;17.18030191;62.02106955;868.74;13.50868882
"Flint";313.303846;3.921715783;13.92628177;69.51653933;842.67;13.39861613
"Flint";326.4906647;4.196024406;15.33030191;65.59606955;808.23;13.06868882
"Flint";287.303846;4.196715783;13.35128177;67.91653933;865.52;13.67007535
"Dent";321.303846;4.196715783;13.15128177;66.59153933;986.63;18.24699842
"Dent";352.1287598;2.201156429;12.45523625;71.5291233;1109.64;17.4
"Dent";331.3652116;3.345744424;13.36303604;70.09132527;1112.62;16.24699842
"Dent";356.3787598;2.801156429;12.35523625;71.4541233;1154.47;17.84419436
"Flint";356.6287598;8.201156429;12.23023625;63.4541233;959.05;16.37536864
"Tropical";329.1287598;3.926156429;9.780236248;73.6541233;1002.79;16.51622919
"Tropical";343.1287598;3.976156429;13.40523625;69.1541233;938.97;17.11238304
"Dent";357.053846;2.346715783;13.20128177;70.41653933;948.91;14.82868882
"Dent";332.366422;4.163519581;13.41918643;67.93844783;920.34;16.98868882
"Tropical";331.6287598;3.751156429;12.90523625;70.1041233;1011.5;16.27120197
"Flint";309.7215384;4.368686313;12.55051271;69.53661573;939.62;15.61179358
"Flint";330.2537598;3.113656429;14.65523625;68.4916233;1096.32;17.38508195
"Tropical";311.1287598;3.551156429;15.05523625;67.9791233;982.65;18.10868882
"Dent";325.8787598;4.501156429;13.58023625;67.8041233;973.56;16.82868882
"Flint";319.053846;4.221715783;13.10128177;67.14153933;965.54;16.26622919
"Flint";318.553846;4.246715783;13.22628177;69.09153933;986.14;16.23930612
"Flint";309.553846;4.171715783;13.40128177;68.71653933;949.98;15.20853689
"Flint";279.303846;3.571715783;14.17628177;69.29153933;856.15;14.43930612
"Flint";313.553846;4.146715783;13.27628177;68.44153933;851.58;13.02776766
"Flint";306.053846;3.196715783;12.57628177;68.64153933;873.05;12.74868882
"Flint";316.4906647;3.271024406;11.80530191;70.29606955;866.26;12.71861613
"Flint";317.053846;3.021715783;16.87628177;66.11653933;870.73;15.38868882
"Dent";358.053846;3.196715783;12.85128177;70.51653933;862.25;14.38930612
"Flint";329.9906647;3.896024406;12.25530191;73.39606955;914.83;14.42007535
"Tropical";341.3787598;4.051156429;13.28023625;68.0291233;1208.02;22.55
"Dent";348.48117;4.561172179;11.37932759;70.65800183;1394.93;23.7
"Dent";391.6287598;2.126156429;12.80523625;71.5041233;1162.67;20.54868882
"Dent";380.8652116;3.195744424;11.41303604;71.44132527;1228.58;19.14868882
"Tropical";335.2492532;5.53031667;13.54674449;65.92464871;1477.38;29.88535791
"Tropical";345.2492532;3.13031667;14.14674449;67.22464871;1529.58;28.02762108
"Tropical";363.48117;3.161172179;16.07932759;66.05800183;1364.59;24.98868882
"Tropical";366.2492532;3.53031667;14.34674449;66.92464871;1358.46;22.9
"Dent";302.053846;3.471715783;13.52628177;68.49153933;868.99;13.14868882
"Dent";337.303846;3.871715783;11.22628177;71.41653933;934.65;14.63161381
"Dent";355.9906647;3.796024406;10.50530191;72.99606955;898.83;14.22868882
"Flint";317.803846;3.871715783;15.70128177;65.89153933;863.84;14.15853689
"Flint";311.053846;3.921715783;14.75128177;68.61653933;879.17;13.28545996
"Dent";303.3652116;1.945744424;13.01303604;68.74132527;989.92;15.01392784
"Dent";352.553846;3.271715783;12.27628177;70.09153933;982.75;17.66868882
"Dent";325.553846;3.946715783;12.82628177;68.14153933;966.74;15.55469073
"Dent";370.053846;2.321715783;14.60128177;69.76653933;883.05;15.17007535
"Flint";344.2406647;3.396024406;14.90530191;69.94606955;853.31;14.43930612
"Dent";333.053846;4.321715783;13.05128177;70.09153933;897.24;15.34868882
"Flint";302.303846;3.046715783;13.12628177;71.06653933;830.17;12.63161381
"Dent";343.7215384;3.028686313;13.46051271;68.33661573;956.43;17.66868882
"Dent";358.3787598;3.826156429;13.30523625;67.4541233;1047.53;16.85084458
"Dent";346.053846;3.846715783;11.95128177;69.81653933;924.38;16.34419436
"Dent";289.053846;3.371715783;16.10128177;65.36653933;945.19;15.36238304
"Dent";322.1287598;2.926156429;13.98023625;67.6791233;1002.74;15.92776766
"Flint";339.803846;3.596715783;14.35128177;68.04153933;917.75;15.10868882
"Flint";333.553846;3.796715783;15.92628177;64.34153933;914.44;14.05469073
"Tropical";361.3787598;1.926156429;12.30523625;70.5541233;1056.12;20.08080725
